{
 "cells": [
  {
   "cell_type": "code",
   "execution_count": 1,
   "metadata": {},
   "outputs": [
    {
     "name": "stdout",
     "output_type": "stream",
     "text": [
      "      CRIM    ZN  INDUS  CHAS    NOX     RM   AGE     DIS  RAD    TAX  \\\n",
      "0  0.00632  18.0   2.31   0.0  0.538  6.575  65.2  4.0900  1.0  296.0   \n",
      "1  0.02731   0.0   7.07   0.0  0.469  6.421  78.9  4.9671  2.0  242.0   \n",
      "2  0.02729   0.0   7.07   0.0  0.469  7.185  61.1  4.9671  2.0  242.0   \n",
      "3  0.03237   0.0   2.18   0.0  0.458  6.998  45.8  6.0622  3.0  222.0   \n",
      "4  0.06905   0.0   2.18   0.0  0.458  7.147  54.2  6.0622  3.0  222.0   \n",
      "\n",
      "   PTRATIO       B  LSTAT  target  \n",
      "0     15.3  396.90   4.98    24.0  \n",
      "1     17.8  396.90   9.14    21.6  \n",
      "2     17.8  392.83   4.03    34.7  \n",
      "3     18.7  394.63   2.94    33.4  \n",
      "4     18.7  396.90   5.33    36.2  \n"
     ]
    }
   ],
   "source": [
    "from sklearn.datasets import load_boston\n",
    "import pandas as pd\n",
    "boston = load_boston()\n",
    "dataset = pd.DataFrame(data=boston.data, columns=boston.feature_names)\n",
    "dataset['target'] = boston.target\n",
    "print(dataset.head())"
   ]
  },
  {
   "cell_type": "code",
   "execution_count": 31,
   "metadata": {},
   "outputs": [],
   "source": [
    "X = dataset[['CRIM','ZN','INDUS','CHAS','NOX','RM','AGE','DIS','RAD','TAX','PTRATIO','B','LSTAT']]\n",
    "Y = dataset['target']"
   ]
  },
  {
   "cell_type": "code",
   "execution_count": 34,
   "metadata": {},
   "outputs": [
    {
     "data": {
      "text/html": [
       "<div>\n",
       "<style scoped>\n",
       "    .dataframe tbody tr th:only-of-type {\n",
       "        vertical-align: middle;\n",
       "    }\n",
       "\n",
       "    .dataframe tbody tr th {\n",
       "        vertical-align: top;\n",
       "    }\n",
       "\n",
       "    .dataframe thead th {\n",
       "        text-align: right;\n",
       "    }\n",
       "</style>\n",
       "<table border=\"1\" class=\"dataframe\">\n",
       "  <thead>\n",
       "    <tr style=\"text-align: right;\">\n",
       "      <th></th>\n",
       "      <th>const</th>\n",
       "      <th>CRIM</th>\n",
       "      <th>ZN</th>\n",
       "      <th>INDUS</th>\n",
       "      <th>CHAS</th>\n",
       "      <th>NOX</th>\n",
       "      <th>RM</th>\n",
       "      <th>AGE</th>\n",
       "      <th>DIS</th>\n",
       "      <th>RAD</th>\n",
       "      <th>TAX</th>\n",
       "      <th>PTRATIO</th>\n",
       "      <th>B</th>\n",
       "      <th>LSTAT</th>\n",
       "    </tr>\n",
       "  </thead>\n",
       "  <tbody>\n",
       "    <tr>\n",
       "      <th>const</th>\n",
       "      <td>NaN</td>\n",
       "      <td>NaN</td>\n",
       "      <td>NaN</td>\n",
       "      <td>NaN</td>\n",
       "      <td>NaN</td>\n",
       "      <td>NaN</td>\n",
       "      <td>NaN</td>\n",
       "      <td>NaN</td>\n",
       "      <td>NaN</td>\n",
       "      <td>NaN</td>\n",
       "      <td>NaN</td>\n",
       "      <td>NaN</td>\n",
       "      <td>NaN</td>\n",
       "      <td>NaN</td>\n",
       "    </tr>\n",
       "    <tr>\n",
       "      <th>CRIM</th>\n",
       "      <td>NaN</td>\n",
       "      <td>1.000000</td>\n",
       "      <td>-0.199458</td>\n",
       "      <td>0.404471</td>\n",
       "      <td>-0.055295</td>\n",
       "      <td>0.417521</td>\n",
       "      <td>-0.219940</td>\n",
       "      <td>0.350784</td>\n",
       "      <td>-0.377904</td>\n",
       "      <td>0.622029</td>\n",
       "      <td>0.579564</td>\n",
       "      <td>0.288250</td>\n",
       "      <td>-0.377365</td>\n",
       "      <td>0.452220</td>\n",
       "    </tr>\n",
       "    <tr>\n",
       "      <th>ZN</th>\n",
       "      <td>NaN</td>\n",
       "      <td>-0.199458</td>\n",
       "      <td>1.000000</td>\n",
       "      <td>-0.533828</td>\n",
       "      <td>-0.042697</td>\n",
       "      <td>-0.516604</td>\n",
       "      <td>0.311991</td>\n",
       "      <td>-0.569537</td>\n",
       "      <td>0.664408</td>\n",
       "      <td>-0.311948</td>\n",
       "      <td>-0.314563</td>\n",
       "      <td>-0.391679</td>\n",
       "      <td>0.175520</td>\n",
       "      <td>-0.412995</td>\n",
       "    </tr>\n",
       "    <tr>\n",
       "      <th>INDUS</th>\n",
       "      <td>NaN</td>\n",
       "      <td>0.404471</td>\n",
       "      <td>-0.533828</td>\n",
       "      <td>1.000000</td>\n",
       "      <td>0.062938</td>\n",
       "      <td>0.763651</td>\n",
       "      <td>-0.391676</td>\n",
       "      <td>0.644779</td>\n",
       "      <td>-0.708027</td>\n",
       "      <td>0.595129</td>\n",
       "      <td>0.720760</td>\n",
       "      <td>0.383248</td>\n",
       "      <td>-0.356977</td>\n",
       "      <td>0.603800</td>\n",
       "    </tr>\n",
       "    <tr>\n",
       "      <th>CHAS</th>\n",
       "      <td>NaN</td>\n",
       "      <td>-0.055295</td>\n",
       "      <td>-0.042697</td>\n",
       "      <td>0.062938</td>\n",
       "      <td>1.000000</td>\n",
       "      <td>0.091203</td>\n",
       "      <td>0.091251</td>\n",
       "      <td>0.086518</td>\n",
       "      <td>-0.099176</td>\n",
       "      <td>-0.007368</td>\n",
       "      <td>-0.035587</td>\n",
       "      <td>-0.121515</td>\n",
       "      <td>0.048788</td>\n",
       "      <td>-0.053929</td>\n",
       "    </tr>\n",
       "    <tr>\n",
       "      <th>NOX</th>\n",
       "      <td>NaN</td>\n",
       "      <td>0.417521</td>\n",
       "      <td>-0.516604</td>\n",
       "      <td>0.763651</td>\n",
       "      <td>0.091203</td>\n",
       "      <td>1.000000</td>\n",
       "      <td>-0.302188</td>\n",
       "      <td>0.731470</td>\n",
       "      <td>-0.769230</td>\n",
       "      <td>0.611441</td>\n",
       "      <td>0.668023</td>\n",
       "      <td>0.188933</td>\n",
       "      <td>-0.380051</td>\n",
       "      <td>0.590879</td>\n",
       "    </tr>\n",
       "    <tr>\n",
       "      <th>RM</th>\n",
       "      <td>NaN</td>\n",
       "      <td>-0.219940</td>\n",
       "      <td>0.311991</td>\n",
       "      <td>-0.391676</td>\n",
       "      <td>0.091251</td>\n",
       "      <td>-0.302188</td>\n",
       "      <td>1.000000</td>\n",
       "      <td>-0.240265</td>\n",
       "      <td>0.205246</td>\n",
       "      <td>-0.209847</td>\n",
       "      <td>-0.292048</td>\n",
       "      <td>-0.355501</td>\n",
       "      <td>0.128069</td>\n",
       "      <td>-0.613808</td>\n",
       "    </tr>\n",
       "    <tr>\n",
       "      <th>AGE</th>\n",
       "      <td>NaN</td>\n",
       "      <td>0.350784</td>\n",
       "      <td>-0.569537</td>\n",
       "      <td>0.644779</td>\n",
       "      <td>0.086518</td>\n",
       "      <td>0.731470</td>\n",
       "      <td>-0.240265</td>\n",
       "      <td>1.000000</td>\n",
       "      <td>-0.747881</td>\n",
       "      <td>0.456022</td>\n",
       "      <td>0.506456</td>\n",
       "      <td>0.261515</td>\n",
       "      <td>-0.273534</td>\n",
       "      <td>0.602339</td>\n",
       "    </tr>\n",
       "    <tr>\n",
       "      <th>DIS</th>\n",
       "      <td>NaN</td>\n",
       "      <td>-0.377904</td>\n",
       "      <td>0.664408</td>\n",
       "      <td>-0.708027</td>\n",
       "      <td>-0.099176</td>\n",
       "      <td>-0.769230</td>\n",
       "      <td>0.205246</td>\n",
       "      <td>-0.747881</td>\n",
       "      <td>1.000000</td>\n",
       "      <td>-0.494588</td>\n",
       "      <td>-0.534432</td>\n",
       "      <td>-0.232471</td>\n",
       "      <td>0.291512</td>\n",
       "      <td>-0.496996</td>\n",
       "    </tr>\n",
       "    <tr>\n",
       "      <th>RAD</th>\n",
       "      <td>NaN</td>\n",
       "      <td>0.622029</td>\n",
       "      <td>-0.311948</td>\n",
       "      <td>0.595129</td>\n",
       "      <td>-0.007368</td>\n",
       "      <td>0.611441</td>\n",
       "      <td>-0.209847</td>\n",
       "      <td>0.456022</td>\n",
       "      <td>-0.494588</td>\n",
       "      <td>1.000000</td>\n",
       "      <td>0.910228</td>\n",
       "      <td>0.464741</td>\n",
       "      <td>-0.444413</td>\n",
       "      <td>0.488676</td>\n",
       "    </tr>\n",
       "    <tr>\n",
       "      <th>TAX</th>\n",
       "      <td>NaN</td>\n",
       "      <td>0.579564</td>\n",
       "      <td>-0.314563</td>\n",
       "      <td>0.720760</td>\n",
       "      <td>-0.035587</td>\n",
       "      <td>0.668023</td>\n",
       "      <td>-0.292048</td>\n",
       "      <td>0.506456</td>\n",
       "      <td>-0.534432</td>\n",
       "      <td>0.910228</td>\n",
       "      <td>1.000000</td>\n",
       "      <td>0.460853</td>\n",
       "      <td>-0.441808</td>\n",
       "      <td>0.543993</td>\n",
       "    </tr>\n",
       "    <tr>\n",
       "      <th>PTRATIO</th>\n",
       "      <td>NaN</td>\n",
       "      <td>0.288250</td>\n",
       "      <td>-0.391679</td>\n",
       "      <td>0.383248</td>\n",
       "      <td>-0.121515</td>\n",
       "      <td>0.188933</td>\n",
       "      <td>-0.355501</td>\n",
       "      <td>0.261515</td>\n",
       "      <td>-0.232471</td>\n",
       "      <td>0.464741</td>\n",
       "      <td>0.460853</td>\n",
       "      <td>1.000000</td>\n",
       "      <td>-0.177383</td>\n",
       "      <td>0.374044</td>\n",
       "    </tr>\n",
       "    <tr>\n",
       "      <th>B</th>\n",
       "      <td>NaN</td>\n",
       "      <td>-0.377365</td>\n",
       "      <td>0.175520</td>\n",
       "      <td>-0.356977</td>\n",
       "      <td>0.048788</td>\n",
       "      <td>-0.380051</td>\n",
       "      <td>0.128069</td>\n",
       "      <td>-0.273534</td>\n",
       "      <td>0.291512</td>\n",
       "      <td>-0.444413</td>\n",
       "      <td>-0.441808</td>\n",
       "      <td>-0.177383</td>\n",
       "      <td>1.000000</td>\n",
       "      <td>-0.366087</td>\n",
       "    </tr>\n",
       "    <tr>\n",
       "      <th>LSTAT</th>\n",
       "      <td>NaN</td>\n",
       "      <td>0.452220</td>\n",
       "      <td>-0.412995</td>\n",
       "      <td>0.603800</td>\n",
       "      <td>-0.053929</td>\n",
       "      <td>0.590879</td>\n",
       "      <td>-0.613808</td>\n",
       "      <td>0.602339</td>\n",
       "      <td>-0.496996</td>\n",
       "      <td>0.488676</td>\n",
       "      <td>0.543993</td>\n",
       "      <td>0.374044</td>\n",
       "      <td>-0.366087</td>\n",
       "      <td>1.000000</td>\n",
       "    </tr>\n",
       "  </tbody>\n",
       "</table>\n",
       "</div>"
      ],
      "text/plain": [
       "         const      CRIM        ZN     INDUS      CHAS       NOX        RM  \\\n",
       "const      NaN       NaN       NaN       NaN       NaN       NaN       NaN   \n",
       "CRIM       NaN  1.000000 -0.199458  0.404471 -0.055295  0.417521 -0.219940   \n",
       "ZN         NaN -0.199458  1.000000 -0.533828 -0.042697 -0.516604  0.311991   \n",
       "INDUS      NaN  0.404471 -0.533828  1.000000  0.062938  0.763651 -0.391676   \n",
       "CHAS       NaN -0.055295 -0.042697  0.062938  1.000000  0.091203  0.091251   \n",
       "NOX        NaN  0.417521 -0.516604  0.763651  0.091203  1.000000 -0.302188   \n",
       "RM         NaN -0.219940  0.311991 -0.391676  0.091251 -0.302188  1.000000   \n",
       "AGE        NaN  0.350784 -0.569537  0.644779  0.086518  0.731470 -0.240265   \n",
       "DIS        NaN -0.377904  0.664408 -0.708027 -0.099176 -0.769230  0.205246   \n",
       "RAD        NaN  0.622029 -0.311948  0.595129 -0.007368  0.611441 -0.209847   \n",
       "TAX        NaN  0.579564 -0.314563  0.720760 -0.035587  0.668023 -0.292048   \n",
       "PTRATIO    NaN  0.288250 -0.391679  0.383248 -0.121515  0.188933 -0.355501   \n",
       "B          NaN -0.377365  0.175520 -0.356977  0.048788 -0.380051  0.128069   \n",
       "LSTAT      NaN  0.452220 -0.412995  0.603800 -0.053929  0.590879 -0.613808   \n",
       "\n",
       "              AGE       DIS       RAD       TAX   PTRATIO         B     LSTAT  \n",
       "const         NaN       NaN       NaN       NaN       NaN       NaN       NaN  \n",
       "CRIM     0.350784 -0.377904  0.622029  0.579564  0.288250 -0.377365  0.452220  \n",
       "ZN      -0.569537  0.664408 -0.311948 -0.314563 -0.391679  0.175520 -0.412995  \n",
       "INDUS    0.644779 -0.708027  0.595129  0.720760  0.383248 -0.356977  0.603800  \n",
       "CHAS     0.086518 -0.099176 -0.007368 -0.035587 -0.121515  0.048788 -0.053929  \n",
       "NOX      0.731470 -0.769230  0.611441  0.668023  0.188933 -0.380051  0.590879  \n",
       "RM      -0.240265  0.205246 -0.209847 -0.292048 -0.355501  0.128069 -0.613808  \n",
       "AGE      1.000000 -0.747881  0.456022  0.506456  0.261515 -0.273534  0.602339  \n",
       "DIS     -0.747881  1.000000 -0.494588 -0.534432 -0.232471  0.291512 -0.496996  \n",
       "RAD      0.456022 -0.494588  1.000000  0.910228  0.464741 -0.444413  0.488676  \n",
       "TAX      0.506456 -0.534432  0.910228  1.000000  0.460853 -0.441808  0.543993  \n",
       "PTRATIO  0.261515 -0.232471  0.464741  0.460853  1.000000 -0.177383  0.374044  \n",
       "B       -0.273534  0.291512 -0.444413 -0.441808 -0.177383  1.000000 -0.366087  \n",
       "LSTAT    0.602339 -0.496996  0.488676  0.543993  0.374044 -0.366087  1.000000  "
      ]
     },
     "execution_count": 34,
     "metadata": {},
     "output_type": "execute_result"
    }
   ],
   "source": [
    "cormat = X.corr()\n",
    "cormat"
   ]
  },
  {
   "cell_type": "code",
   "execution_count": 32,
   "metadata": {},
   "outputs": [],
   "source": [
    "import statsmodels.api as sm\n",
    "# statsModel = sm.ols('Y~X',data = dataset)\n",
    "\n",
    "#priceDF = pd.DataFrame(price, columns=list('x'))\n",
    "#saleDF = pd.DataFrame(sale, columns=list('y'))\n",
    "\n",
    "#import statsmodels.formula.api as smf\n",
    "#fittedModel = smf.OLS(Y,X, data = dataset).fit()\n",
    "X = sm.add_constant(X) # adding a constant\n",
    "\n",
    "fittedModel = sm.OLS(Y, X).fit()\n",
    "# fittedModel = sm.OLS(Y,X).fit()"
   ]
  },
  {
   "cell_type": "code",
   "execution_count": 33,
   "metadata": {},
   "outputs": [
    {
     "name": "stdout",
     "output_type": "stream",
     "text": [
      "                            OLS Regression Results                            \n",
      "==============================================================================\n",
      "Dep. Variable:                 target   R-squared:                       0.741\n",
      "Model:                            OLS   Adj. R-squared:                  0.734\n",
      "Method:                 Least Squares   F-statistic:                     108.1\n",
      "Date:                Sat, 22 Dec 2018   Prob (F-statistic):          6.95e-135\n",
      "Time:                        15:30:22   Log-Likelihood:                -1498.8\n",
      "No. Observations:                 506   AIC:                             3026.\n",
      "Df Residuals:                     492   BIC:                             3085.\n",
      "Df Model:                          13                                         \n",
      "Covariance Type:            nonrobust                                         \n",
      "==============================================================================\n",
      "                 coef    std err          t      P>|t|      [0.025      0.975]\n",
      "------------------------------------------------------------------------------\n",
      "const         36.4911      5.104      7.149      0.000      26.462      46.520\n",
      "CRIM          -0.1072      0.033     -3.276      0.001      -0.171      -0.043\n",
      "ZN             0.0464      0.014      3.380      0.001       0.019       0.073\n",
      "INDUS          0.0209      0.061      0.339      0.735      -0.100       0.142\n",
      "CHAS           2.6886      0.862      3.120      0.002       0.996       4.381\n",
      "NOX          -17.7958      3.821     -4.658      0.000     -25.302     -10.289\n",
      "RM             3.8048      0.418      9.102      0.000       2.983       4.626\n",
      "AGE            0.0008      0.013      0.057      0.955      -0.025       0.027\n",
      "DIS           -1.4758      0.199     -7.398      0.000      -1.868      -1.084\n",
      "RAD            0.3057      0.066      4.608      0.000       0.175       0.436\n",
      "TAX           -0.0123      0.004     -3.278      0.001      -0.020      -0.005\n",
      "PTRATIO       -0.9535      0.131     -7.287      0.000      -1.211      -0.696\n",
      "B              0.0094      0.003      3.500      0.001       0.004       0.015\n",
      "LSTAT         -0.5255      0.051    -10.366      0.000      -0.625      -0.426\n",
      "==============================================================================\n",
      "Omnibus:                      178.029   Durbin-Watson:                   1.078\n",
      "Prob(Omnibus):                  0.000   Jarque-Bera (JB):              782.015\n",
      "Skew:                           1.521   Prob(JB):                    1.54e-170\n",
      "Kurtosis:                       8.276   Cond. No.                     1.51e+04\n",
      "==============================================================================\n",
      "\n",
      "Warnings:\n",
      "[1] Standard Errors assume that the covariance matrix of the errors is correctly specified.\n",
      "[2] The condition number is large, 1.51e+04. This might indicate that there are\n",
      "strong multicollinearity or other numerical problems.\n"
     ]
    }
   ],
   "source": [
    "predictions = fittedModel.predict(X) \n",
    "\n",
    "print_model = fittedModel.summary()\n",
    "print(print_model)"
   ]
  },
  {
   "cell_type": "code",
   "execution_count": null,
   "metadata": {},
   "outputs": [],
   "source": []
  }
 ],
 "metadata": {
  "kernelspec": {
   "display_name": "Python 3",
   "language": "python",
   "name": "python3"
  },
  "language_info": {
   "codemirror_mode": {
    "name": "ipython",
    "version": 3
   },
   "file_extension": ".py",
   "mimetype": "text/x-python",
   "name": "python",
   "nbconvert_exporter": "python",
   "pygments_lexer": "ipython3",
   "version": "3.6.4"
  }
 },
 "nbformat": 4,
 "nbformat_minor": 2
}
